308.7619821135592 0.014853271146841472 361965675.77661127 22784128.521774653 -12393466.831610661 23416488.701583054
308.414500256746 0.021661607895095535 327988243.97782683 22556121.417876903 15649120.931404987 23856612.440803967
307.4933162234475 0.01968690849322008 351794568.7488447 23078764.455103114 44255615.24543869 22075351.483436484
307.10625166136845 0.020276466705220555 328935804.87547547 23363838.70753881 31266462.224156085 23507624.85809763
306.6628169584391 0.017274598828868955 328667783.7418034 23705525.928883094 -9294740.765821908 22772063.079658575
306.44977490993676 0.02520905328775485 330466910.3667999 23664742.16155539 -21528963.502015904 22566642.212898098
305.86832302693153 0.019760134245307186 314872066.8697668 22909101.22384537 9323824.81341232 22996184.314385813
305.2975217846164 0.02044486745212589 343114964.7522728 23832480.625752334 -3328427.155758506 23028793.036436826
304.7516430775229 0.02140415115924392 335379425.53735125 23576744.568002313 -21535535.331447907 21501113.139671862
304.2635622755577 0.021916905980515933 353941084.5099735 23052018.82266315 15851386.00892765 21436085.362806305
304.0315269488039 0.022614303675313713 311879401.1729234 23024585.931169514 9420226.199383697 23738638.159057133
303.38999091024795 0.020177057892031062 315582678.1376309 22240948.83893004 -16984922.61526608 22436217.141559903
303.10847119237354 0.022033631059595653 327444286.60604066 22784224.963248514 -22117027.93592278 22022740.990759216
302.66411078414643 0.02735692101429218 316081865.93125933 22511317.740497075 4130417.1334355106 21285551.843388584
302.4212170796385 0.02167924916122238 319371203.31340426 23026495.38999688 1330684.0297028455 21652770.51114082
301.8149130133145 0.01783490775228378 340741272.2619468 22235895.581086777 3174127.204951877 23070771.59036168
301.6375149538088 0.020750616650279725 334404410.33536905 22319981.68514978 30852398.857421417 23260012.36126512
300.9355669709302 0.02393843925966866 332499663.51831317 23345599.65243713 -22039105.344779298 22669731.50593898
300.6685115452295 0.023866956966037106 350009274.67434376 24188367.262097303 5779852.512997353 21963891.36801213
300.09310557285266 0.025018663822316458 354185511.866844 22492526.261408363 8936328.084085243 22526292.988745432
299.74799382044694 0.017707094220860517 353255686.2171553 23531104.930468623 23390718.400735844 22404666.559027888
299.35901999052925 0.030591687648212688 338096416.8660147 21579543.767807096 -10885017.45025251 22760060.16963216
299.0002066669605 0.02206661459438725 348606333.2697207 21761819.659772065 4987158.645861329 23883391.15520281
298.28750673617566 0.027782605408732047 337628413.016813 21988399.36541513 -8727035.236632446 21574358.640761733
297.99159507594175 0.025450277414160224 321493415.76514953 22659824.98105401 39763028.09777783 22991083.72714489
297.5769867533134 0.026798024842072537 328393497.3532422 22072293.693657145 34526667.02600867 22705479.192019653
297.2429403182442 0.023371455954161735 334182854.5618184 23362595.14347429 -11222470.011795472 22862001.44455718
296.8176084573361 0.024559816186022924 329944949.5096169 23707666.96116298 10529866.655226806 23340457.622287266
296.6206690887813 0.022379358710435438 319614399.5759189 23133755.855942957 23255318.386685044 22845765.453691516
296.00321267131545 0.024976775251965472 316048007.62736297 22542338.69631512 -18702174.309149448 23386741.39270315
295.20873611694583 0.02137300075824177 320902883.50721794 21891567.975255214 -6737673.12152212 23111767.356142703
294.64604297175094 0.023233273694575653 327107228.8971521 23334613.75057456 1260253.9088043035 23747494.309403196
294.35338925729434 0.017719708056927824 348857593.2642024 23980871.13779882 36144920.70577099 23242550.79997391
293.85806674949094 0.021809044969112793 316918947.2555802 21742421.28780155 -21450934.760664254 24204972.065661434
293.51610722983446 0.021440331432688496 323451885.75232255 23438719.875533067 6344495.334413303 22889114.659246847
292.9271530301056 0.020738224655257525 295180713.55681694 22940250.42862728 -13295262.787241787 23664018.307848834
292.49290107852903 0.019961829137259603 308326262.7748718 23574508.80288954 -18471857.03364915 25356454.008273873
291.9935124069174 0.022926029625213677 320738743.81786525 24633584.79811413 -7235794.969244262 22934267.446082413
291.4134351005695 0.0302260824103672 334715264.474 22958430.90930578 10162849.557143427 22720172.966395035
291.04253439764943 0.020185807534666107 323414398.85154986 23464264.694206733 -2627609.3351913784 23597171.237583093
